1 10
100 200
201 210
900 1000
1 1
999999 999999
1 2
999990 999999
1000 5000
5001 10000
1 999999
10001 50000
10 1
50001 100000
100 1000
1000 100
100001 500000
500000 100001
500001 999999
69 69
60 30
30 60
120 350
68 70
100 1
1 100
8000 11345
4 5
4 6
4 7
4 8
444085 406808
257433 557358
167314 6388
882403 577305
342177 886493
583421 37322
50 100
101 110
75 90
10 100
100 500
500 10
1000 1115
1500 1750
2000 1500
2000 3000
2500 7500
3000 2650
3000 5000
2500 2650
5000 8000
7500 10000
6000 7000
6969 6969
10000 12500
11000 13000
12500 15000
13000 16000
15000 17500
16000 19000
17500 20000
20000 50000
50000 100000
60000 80000
60000 70000
80000 75000
100000 125000
69000 420000
125000 775000
775000 999999
800000 900000
850000 900000
850000 825000
815000 825000
825000 835000
800000 840000
800000 815000
840000 850000
835000 840000
125000 150000
130000 200000
225000 200000
225000 300000
300000 500000
500000 750000
750000 775000
836000 839000
837000 838000
837000 837500
837500 837750
837750 838000
837750 837900
837750 837800
837750 837775
837775 837790
837790 837795
837795 837798
837799 837799
696969 696969